# timestamp tx ty tz qx qy qz qw
1520530308.199447632 0.841734 -0.219345 1.250000 0.003838 0.009447 -0.023767 0.999666
1520530308.249448776 0.841556 -0.219759 1.250260 0.005294 0.006917 -0.023426 0.999688
1520530308.299450636 0.841304 -0.220138 1.250109 0.007436 0.006949 -0.022313 0.999699
1520530308.349502563 0.841285 -0.220528 1.250016 0.008845 0.005538 -0.020225 0.999741
1520530308.399504662 0.840995 -0.221083 1.249724 0.012246 0.004605 -0.021042 0.999693
1520530308.449504614 0.840463 -0.221838 1.249687 0.013300 0.003039 -0.021328 0.999679
1520530308.499506474 0.839567 -0.223695 1.249920 0.012109 0.001949 -0.025378 0.999603
1520530308.549507618 0.838220 -0.226242 1.249287 0.009783 0.006124 -0.032469 0.999406
1520530308.599509478 0.836776 -0.228973 1.248021 0.005110 0.012266 -0.036995 0.999227
1520530308.649555445 0.836241 -0.230627 1.247331 0.001987 0.012109 -0.036185 0.999270
1520530308.699512482 0.836527 -0.230881 1.247012 0.002843 0.011082 -0.034031 0.999355
1520530308.749558926 0.837063 -0.231178 1.246777 0.006757 0.010112 -0.033458 0.999366
1520530308.799559832 0.837301 -0.231796 1.247507 0.011097 0.005774 -0.034767 0.999317
1520530308.849561930 0.837982 -0.231333 1.248498 0.013951 0.001801 -0.030425 0.999438
1520530308.899563074 0.838875 -0.230447 1.249579 0.016645 -0.002155 -0.027318 0.999486
1520530308.949564934 0.839157 -0.230283 1.250620 0.016080 -0.001625 -0.025629 0.999541
1520530308.999566793 0.839604 -0.230388 1.251590 0.014689 -0.002049 -0.025506 0.999565
1520530309.049567938 0.840243 -0.230512 1.252564 0.014178 -0.003635 -0.026153 0.999551
1520530309.099570036 0.841188 -0.230323 1.253153 0.014319 -0.004498 -0.026837 0.999527
1520530309.149567127 0.842538 -0.229615 1.254288 0.014572 -0.006040 -0.026016 0.999537
1520530309.199582577 0.843963 -0.228688 1.256221 0.013375 -0.008849 -0.025522 0.999546
1520530309.249583244 0.844917 -0.228315 1.257610 0.012490 -0.011188 -0.026365 0.999512
1520530309.299585581 0.846061 -0.227969 1.258491 0.012649 -0.014157 -0.026423 0.999471
1520530309.349586487 0.847051 -0.227479 1.258914 0.014033 -0.015728 -0.024630 0.999474
1520530309.399588585 0.848013 -0.226854 1.258795 0.016300 -0.016933 -0.023240 0.999454
1520530309.449590445 0.849087 -0.226091 1.258124 0.018965 -0.016032 -0.021385 0.999463
1520530309.499591351 0.850314 -0.225184 1.257763 0.020429 -0.014246 -0.019723 0.999495
1520530309.549593687 0.851549 -0.224559 1.257610 0.021728 -0.014226 -0.019423 0.999474
1520530309.599596739 0.852481 -0.224312 1.257793 0.020095 -0.015318 -0.017801 0.999522
1520530309.649599075 0.853849 -0.223907 1.257943 0.020184 -0.016926 -0.018483 0.999482
1520530309.699599981 0.855399 -0.223327 1.258033 0.020809 -0.016049 -0.016625 0.999516
1520530309.749601841 0.856755 -0.222438 1.258491 0.021720 -0.014229 -0.014552 0.999557
1520530309.799602985 0.857692 -0.221521 1.258829 0.023059 -0.013668 -0.013326 0.999552
1520530309.849604845 0.858420 -0.220850 1.259508 0.021737 -0.012620 -0.011944 0.999613
1520530309.899605989 0.858824 -0.220148 1.259990 0.020877 -0.010217 -0.010915 0.999670
1520530309.949607849 0.859008 -0.219579 1.260338 0.019973 -0.008641 -0.009566 0.999717
1520530309.999621868 0.858876 -0.219052 1.260866 0.018427 -0.006459 -0.008898 0.999770
1520530310.049623013 0.858667 -0.218544 1.261281 0.017984 -0.006050 -0.009962 0.999770
1520530310.099624872 0.858198 -0.218521 1.261633 0.015323 -0.004435 -0.009937 0.999823
1520530310.149627209 0.857885 -0.218516 1.261750 0.014043 -0.004320 -0.010239 0.999840
1520530310.199628115 0.857830 -0.218117 1.261789 0.015196 -0.004187 -0.009308 0.999832
1520530310.249728918 0.857883 -0.217480 1.261791 0.017792 -0.005142 -0.009305 0.999785
1520530310.299631119 0.857841 -0.216849 1.261873 0.020306 -0.004845 -0.006401 0.999762
1520530310.349632978 0.857900 -0.216491 1.261800 0.023827 -0.004768 -0.005196 0.999691
1520530310.399624586 0.857907 -0.216428 1.261825 0.025885 -0.004569 -0.004980 0.999642
1520530310.449626684 0.857861 -0.216506 1.261964 0.025541 -0.003575 -0.004826 0.999656
1520530310.499627829 0.857825 -0.216639 1.262180 0.023948 -0.003025 -0.004733 0.999697
1520530310.549629688 0.857791 -0.216831 1.262456 0.022691 -0.002263 -0.005032 0.999727
1520530310.599631548 0.857877 -0.217145 1.262681 0.021854 -0.002289 -0.005443 0.999744
1520530310.649632692 0.857925 -0.217375 1.262578 0.022744 -0.002201 -0.005418 0.999724
1520530310.699634790 0.857893 -0.217508 1.262152 0.024439 -0.001852 -0.004913 0.999688
1520530310.749635696 0.857741 -0.217734 1.261677 0.026216 -0.001256 -0.004474 0.999645
1520530310.799650908 0.857389 -0.217979 1.261319 0.027446 -0.001118 -0.004101 0.999614
1520530310.849652052 0.857025 -0.218108 1.261176 0.028122 -0.002193 -0.004065 0.999594
1520530310.899653912 0.856579 -0.218155 1.261182 0.027476 -0.003718 -0.004522 0.999605
1520530310.949655056 0.855749 -0.218733 1.260935 0.026629 -0.002196 -0.004412 0.999633
1520530310.999656916 0.855324 -0.219058 1.260317 0.025907 -0.001785 -0.006632 0.999641
1520530311.049658775 0.854674 -0.219763 1.259726 0.024256 0.001281 -0.006326 0.999685
1520530311.099659920 0.854482 -0.220032 1.258979 0.024481 0.001213 -0.006640 0.999678
1520530311.149662018 0.854645 -0.219942 1.258337 0.027498 0.000487 -0.004122 0.999613
1520530311.199671745 0.855396 -0.219640 1.257477 0.033903 -0.002559 -0.003535 0.999416
1520530311.249672890 0.855895 -0.219540 1.256446 0.040641 -0.004513 -0.001852 0.999162
1520530311.299674988 0.856113 -0.220001 1.255656 0.044161 -0.004648 -0.001069 0.999013
1520530311.349676847 0.856117 -0.220817 1.255413 0.044655 -0.003733 -0.002236 0.998993
1520530311.399677992 0.856247 -0.221486 1.255890 0.041430 -0.004297 -0.004394 0.999123
1520530311.449678898 0.856361 -0.221828 1.256852 0.036171 -0.005354 -0.005481 0.999316
1520530311.499683857 0.856522 -0.222267 1.257818 0.031679 -0.005900 -0.006623 0.999459
1520530311.549682856 0.856654 -0.222507 1.258130 0.031012 -0.005393 -0.006726 0.999482
1520530311.599683762 0.856785 -0.222663 1.257903 0.033452 -0.005178 -0.006672 0.999405
1520530311.649719000 0.856871 -0.222852 1.257590 0.035751 -0.004552 -0.005119 0.999337
1520530311.699720144 0.857368 -0.222767 1.257291 0.037851 -0.005592 -0.006296 0.999248
1520530311.749722004 0.857844 -0.222759 1.257331 0.037798 -0.006143 -0.005922 0.999249
1520530311.799722910 0.858370 -0.222522 1.257653 0.036649 -0.006324 -0.006019 0.999290
1520530311.849725246 0.858924 -0.222624 1.258223 0.033688 -0.006382 -0.005763 0.999395
1520530311.899726152 0.859496 -0.222645 1.258494 0.031079 -0.006700 -0.006096 0.999476
1520530311.949728251 0.859927 -0.222906 1.258631 0.030456 -0.005642 -0.006153 0.999501
1520530311.999729156 0.860280 -0.223165 1.258702 0.030040 -0.004900 -0.005670 0.999521
1520530312.049720526 0.860394 -0.223468 1.259037 0.029019 -0.004354 -0.006096 0.999551
1520530312.099721432 0.860554 -0.223416 1.259808 0.028812 -0.005210 -0.007342 0.999544
1520530312.149723291 0.860637 -0.223096 1.260655 0.027521 -0.005889 -0.007604 0.999575
1520530312.199725628 0.860585 -0.222863 1.261244 0.026264 -0.005902 -0.008219 0.999604
1520530312.249726534 0.860372 -0.222643 1.261578 0.024280 -0.004747 -0.006402 0.999673
1520530312.299728394 0.860245 -0.222493 1.261519 0.024004 -0.004866 -0.007955 0.999668
1520530312.349729538 0.859998 -0.222452 1.261178 0.024219 -0.004179 -0.008384 0.999663
1520530312.399731398 0.859742 -0.222406 1.260715 0.024797 -0.003403 -0.008653 0.999649
1520530312.449712038 0.859429 -0.222450 1.260329 0.024912 -0.003565 -0.009292 0.999640
1520530312.499714136 0.859565 -0.222085 1.260141 0.026088 -0.005618 -0.011079 0.999582
1520530312.549715281 0.859766 -0.221864 1.260375 0.026246 -0.006606 -0.011524 0.999567
1520530312.599717140 0.860154 -0.221595 1.260934 0.026235 -0.006841 -0.011626 0.999565
1520530312.649719000 0.860754 -0.221552 1.261865 0.025600 -0.007923 -0.012824 0.999559
1520530312.699720144 0.861607 -0.221457 1.263052 0.023784 -0.008491 -0.012956 0.999597
1520530312.749722004 0.862414 -0.221293 1.263833 0.022843 -0.008024 -0.012233 0.999632
1520530312.799724102 0.863424 -0.221028 1.264288 0.023258 -0.007608 -0.011650 0.999633
1520530312.849719524 0.864584 -0.220731 1.264417 0.025117 -0.006432 -0.010994 0.999603
1520530312.899721384 0.865786 -0.220694 1.264386 0.025189 -0.005062 -0.008527 0.999634
1520530312.949723482 0.867352 -0.220556 1.264314 0.028015 -0.005179 -0.007823 0.999563
1520530312.999724627 0.869104 -0.220199 1.264355 0.030438 -0.004012 -0.006151 0.999510
1520530313.049725533 0.870998 -0.220186 1.264573 0.029236 -0.003226 -0.004164 0.999559
1520530313.099727392 0.873042 -0.220175 1.264758 0.027561 -0.001189 -0.003175 0.999614
1520530313.149728537 0.875012 -0.220401 1.264608 0.027273 0.001127 -0.004500 0.999617
